{"chessboard_points": [[[0.0, 0.0, 0.0]], [[0.023499999195337296, 0.0, 0.0]], [[0.04699999839067459, 0.0, 0.0]], [[0.07050000131130219, 0.0, 0.0]], [[0.09399999678134918, 0.0, 0.0]], [[0.11749999225139618, 0.0, 0.0]], [[0.14100000262260437, 0.0, 0.0]], [[0.16449999809265137, 0.0, 0.0]], [[0.18799999356269836, 0.0, 0.0]], [[0.21149998903274536, 0.0, 0.0]], [[0.0, 0.023499999195337296, 0.0]], [[0.023499999195337296, 0.023499999195337296, 0.0]], [[0.04699999839067459, 0.023499999195337296, 0.0]], [[0.07050000131130219, 0.023499999195337296, 0.0]], [[0.09399999678134918, 0.023499999195337296, 0.0]], [[0.11749999225139618, 0.023499999195337296, 0.0]], [[0.14100000262260437, 0.023499999195337296, 0.0]], [[0.16449999809265137, 0.023499999195337296, 0.0]], [[0.18799999356269836, 0.023499999195337296, 0.0]], [[0.21149998903274536, 0.023499999195337296, 0.0]], [[0.0, 0.04699999839067459, 0.0]], [[0.023499999195337296, 0.04699999839067459, 0.0]], [[0.04699999839067459, 0.04699999839067459, 0.0]], [[0.07050000131130219, 0.04699999839067459, 0.0]], [[0.09399999678134918, 0.04699999839067459, 0.0]], [[0.11749999225139618, 0.04699999839067459, 0.0]], [[0.14100000262260437, 0.04699999839067459, 0.0]], [[0.16449999809265137, 0.04699999839067459, 0.0]], [[0.18799999356269836, 0.04699999839067459, 0.0]], [[0.21149998903274536, 0.04699999839067459, 0.0]], [[0.0, 0.07050000131130219, 0.0]], [[0.023499999195337296, 0.07050000131130219, 0.0]], [[0.04699999839067459, 0.07050000131130219, 0.0]], [[0.07050000131130219, 0.07050000131130219, 0.0]], [[0.09399999678134918, 0.07050000131130219, 0.0]], [[0.11749999225139618, 0.07050000131130219, 0.0]], [[0.14100000262260437, 0.07050000131130219, 0.0]], [[0.16449999809265137, 0.07050000131130219, 0.0]], [[0.18799999356269836, 0.07050000131130219, 0.0]], [[0.21149998903274536, 0.07050000131130219, 0.0]], [[0.0, 0.09399999678134918, 0.0]], [[0.023499999195337296, 0.09399999678134918, 0.0]], [[0.04699999839067459, 0.09399999678134918, 0.0]], [[0.07050000131130219, 0.09399999678134918, 0.0]], [[0.09399999678134918, 0.09399999678134918, 0.0]], [[0.11749999225139618, 0.09399999678134918, 0.0]], [[0.14100000262260437, 0.09399999678134918, 0.0]], [[0.16449999809265137, 0.09399999678134918, 0.0]], [[0.18799999356269836, 0.09399999678134918, 0.0]], [[0.21149998903274536, 0.09399999678134918, 0.0]], [[0.0, 0.11749999225139618, 0.0]], [[0.023499999195337296, 0.11749999225139618, 0.0]], [[0.04699999839067459, 0.11749999225139618, 0.0]], [[0.07050000131130219, 0.11749999225139618, 0.0]], [[0.09399999678134918, 0.11749999225139618, 0.0]], [[0.11749999225139618, 0.11749999225139618, 0.0]], [[0.14100000262260437, 0.11749999225139618, 0.0]], [[0.16449999809265137, 0.11749999225139618, 0.0]], [[0.18799999356269836, 0.11749999225139618, 0.0]], [[0.21149998903274536, 0.11749999225139618, 0.0]], [[0.0, 0.14100000262260437, 0.0]], [[0.023499999195337296, 0.14100000262260437, 0.0]], [[0.04699999839067459, 0.14100000262260437, 0.0]], [[0.07050000131130219, 0.14100000262260437, 0.0]], [[0.09399999678134918, 0.14100000262260437, 0.0]], [[0.11749999225139618, 0.14100000262260437, 0.0]], [[0.14100000262260437, 0.14100000262260437, 0.0]], [[0.16449999809265137, 0.14100000262260437, 0.0]], [[0.18799999356269836, 0.14100000262260437, 0.0]], [[0.21149998903274536, 0.14100000262260437, 0.0]]], "chessboard_inner_corners": [10, 7], "chessboard_spacing_m": 0.0235, "image_resolution": [810, 720], "camera_matrix": [[644.8567161135958, 0.0, 405.9754403890576], [0.0, 644.4392005042736, 326.17808105431743], [0.0, 0.0, 1.0]], "distortion_coefficients": [0.10535798464300584, -0.13070580580129984, 0.0003667515006109922, 0.0012952281383519341, -0.03128212011897445], "rms": 0.33173681955802226, "reprojection_error": {"average": 0.03840310286336642, "stddev": 0.009865921728580146, "image": {"./checkerBoard/calibration_images\\calib_000.jpg": 0.035609204206525316, "./checkerBoard/calibration_images\\calib_028.jpg": 0.033993046735239105, "./checkerBoard/calibration_images\\calib_029.jpg": 0.03273296841138272, "./checkerBoard/calibration_images\\calib_030.jpg": 0.03179227847719225, "./checkerBoard/calibration_images\\calib_031.jpg": 0.03127039534535309, "./checkerBoard/calibration_images\\calib_032.jpg": 0.03276668232743708, "./checkerBoard/calibration_images\\calib_033.jpg": 0.03127771330511155, "./checkerBoard/calibration_images\\calib_034.jpg": 0.03090707412568758, "./checkerBoard/calibration_images\\calib_035.jpg": 0.03543323245444235, "./checkerBoard/calibration_images\\calib_036.jpg": 0.040174996602188456, "./checkerBoard/calibration_images\\calib_037.jpg": 0.04081170720327529, "./checkerBoard/calibration_images\\calib_038.jpg": 0.04092594125098829, "./checkerBoard/calibration_images\\calib_039.jpg": 0.042494012765688254, "./checkerBoard/calibration_images\\calib_040.jpg": 0.03825602377086128, "./checkerBoard/calibration_images\\calib_041.jpg": 0.04069291696359909, "./checkerBoard/calibration_images\\calib_042.jpg": 0.0512015290840256, "./checkerBoard/calibration_images\\calib_043.jpg": 0.0588145479684613, "./checkerBoard/calibration_images\\calib_044.jpg": 0.04938999690881009, "./checkerBoard/calibration_images\\calib_045.jpg": 0.04212307708983422, "./checkerBoard/calibration_images\\calib_046.jpg": 0.044688661362480245, "./checkerBoard/calibration_images\\calib_047.jpg": 0.04878587695736494, "./checkerBoard/calibration_images\\calib_048.jpg": 0.03826501723231199, "./checkerBoard/calibration_images\\calib_049.jpg": 0.04105281729099027, "./checkerBoard/calibration_images\\calib_050.jpg": 0.04608845894291225, "./checkerBoard/calibration_images\\calib_051.jpg": 0.05397777582944978, "./checkerBoard/calibration_images\\calib_052.jpg": 0.05359540083795246, "./checkerBoard/calibration_images\\calib_053.jpg": 0.0328662733173117, "./checkerBoard/calibration_images\\calib_054.jpg": 0.030554922458248118, "./checkerBoard/calibration_images\\calib_055.jpg": 0.03877315661551236, "./checkerBoard/calibration_images\\calib_056.jpg": 0.043692038500097535, "./checkerBoard/calibration_images\\calib_057.jpg": 0.014249087489625325, "./checkerBoard/calibration_images\\calib_058.jpg": 0.015924890938931114, "./checkerBoard/calibration_images\\calib_059.jpg": 0.01541893228081794, "./checkerBoard/calibration_images\\calib_060.jpg": 0.041609481668464746, "./checkerBoard/calibration_images\\calib_061.jpg": 0.04051715426047131, "./checkerBoard/calibration_images\\calib_062.jpg": 0.041784412102145965}}, "chessboard_orientations": {"./checkerBoard/calibration_images\\calib_000.jpg": {"rotation_matrix": [[0.999958554181342, 0.0016217689641016219, 0.008958782561662625], [-0.0016714280372682275, 0.9999832663240884, 0.005538357168286461], [-0.008949650712531034, -0.005553101586892958, 0.9999445318690878]], "translation": [-0.1177887278208556, -0.07338464232847099, 0.2573559236087741]}, "./checkerBoard/calibration_images\\calib_028.jpg": {"rotation_matrix": [[0.9996953457480743, 0.0013691649327643848, 0.02464429096211115], [-0.00139165732176011, 0.999998630635666, 0.0008955538463243217], [-0.02464303105417628, -0.0009295774199942182, 0.9996958822093263]], "translation": [-0.11129360068909985, -0.09220701305698265, 0.2491840464719129]}, "./checkerBoard/calibration_images\\calib_029.jpg": {"rotation_matrix": [[0.9997228509398652, -0.009318215059085058, 0.021619254769314693], [0.00908602693343901, 0.9999002526764104, 0.010813362669188982], [-0.021717859545376854, -0.010613932624773413, 0.9997077968141511]], "translation": [-0.10986911527433528, -0.08827651472735883, 0.26022749558208536]}, "./checkerBoard/calibration_images\\calib_030.jpg": {"rotation_matrix": [[0.9997569833557207, -0.010093052866570796, 0.019598584522912653], [0.009740333687911867, 0.9997903610745902, 0.018009991726505976], [-0.01977625169533584, -0.0178147182456892, 0.9996457050789092]], "translation": [-0.11099098461931815, -0.08361947009332658, 0.2613397490272801]}, "./checkerBoard/calibration_images\\calib_031.jpg": {"rotation_matrix": [[0.999825102030321, -0.007138956338276586, 0.017285851221683194], [0.006747025149182908, 0.9997212171817887, 0.022626656142678607], [-0.017442562933648233, -0.022506070713540882, 0.999594534688612]], "translation": [-0.11032225586000817, -0.08549838241804886, 0.26110476154109247]}, "./checkerBoard/calibration_images\\calib_032.jpg": {"rotation_matrix": [[0.9998886511774158, -0.004399292471713472, 0.014259434503388405], [0.00407257850719082, 0.9997303639694849, 0.022860740621072233], [-0.014356160730183608, -0.022800122438037473, 0.9996369616345224]], "translation": [-0.1125939505714059, -0.08445393601383315, 0.26005580111767684]}, "./checkerBoard/calibration_images\\calib_033.jpg": {"rotation_matrix": [[0.9998907914867321, -0.001745585662595808, 0.014675081966753493], [0.0013934077438454693, 0.9997116010710008, 0.023974425935056446], [-0.014712699103012507, -0.023951359350789587, 0.999604856365931]], "translation": [-0.11450725968102246, -0.0832221812826686, 0.26311252221531767]}, "./checkerBoard/calibration_images\\calib_034.jpg": {"rotation_matrix": [[0.999906721079653, 0.0012350779314140232, 0.013602342527688176], [-0.0015311891754511452, 0.9997616089859577, 0.021780281392077102], [-0.013572199506572307, -0.02179907751058317, 0.9996702434404264]], "translation": [-0.11778125090041196, -0.0832148215680389, 0.26411678082706985]}, "./checkerBoard/calibration_images\\calib_035.jpg": {"rotation_matrix": [[0.9999265646012708, 0.0027179503163827145, 0.011810086823488821], [-0.0029519637910336727, 0.9997987569136542, 0.01984267078012447], [-0.011753778731841741, -0.019876076574355778, 0.9997333595842111]], "translation": [-0.11912463449828328, -0.07260253771703179, 0.26357916078762433]}, "./checkerBoard/calibration_images\\calib_036.jpg": {"rotation_matrix": [[0.9993964901224508, 0.009679531058555537, -0.03336108825282164], [-0.00891804700644552, 0.9996980014256253, 0.02289922232743503], [0.033572666985464884, -0.022587886667347384, 0.9991809963201793]], "translation": [-0.13247506289303085, -0.081877622928852, 0.2575173024419301]}, "./checkerBoard/calibration_images\\calib_037.jpg": {"rotation_matrix": [[0.9768292148241428, 0.02345595657407861, -0.2127310583042439], [-0.018257763632492326, 0.999485573784512, 0.026367439462051424], [0.21324009738599523, -0.02187249180682998, 0.9767549615788862]], "translation": [-0.11061180581011734, -0.0754484072860842, 0.24730088860669994]}, "./checkerBoard/calibration_images\\calib_038.jpg": {"rotation_matrix": [[0.9418228554521789, 0.006801499723093503, -0.336040843573249], [0.00068103730722911, 0.9997545623449181, 0.0221438763252372], [0.3361089780652849, -0.02108446518264093, 0.9415870645839777]], "translation": [-0.12472886945101652, -0.07862655876387345, 0.2394117763095154]}, "./checkerBoard/calibration_images\\calib_039.jpg": {"rotation_matrix": [[0.9194084380371993, -0.014692141066926998, -0.39302959819441957], [0.02679808536017022, 0.9993198441254469, 0.025332030280289533], [0.3923900950419447, -0.0338229231137995, 0.9191768182373897]], "translation": [-0.09554074185937714, -0.07322592666426224, 0.24034493240647573]}, "./checkerBoard/calibration_images\\calib_040.jpg": {"rotation_matrix": [[0.9139518426866401, -0.00595439246191225, -0.40577897242230837], [0.020844420686632063, 0.9992613034261177, 0.032285563358486064], [0.40528698397053625, -0.03796567773062448, 0.9134008254531636]], "translation": [-0.08536971110182433, -0.07886009933542726, 0.24428341180908686]}, "./checkerBoard/calibration_images\\calib_041.jpg": {"rotation_matrix": [[0.9174288281675543, 0.009344453686260813, -0.397790178903921], [0.007411349459137681, 0.9991494622602842, 0.04056382580797168], [0.397830890135875, -0.04016258520427011, 0.916579265313921]], "translation": [-0.07932819608509556, -0.08284188271484114, 0.24513207979570514]}, "./checkerBoard/calibration_images\\calib_042.jpg": {"rotation_matrix": [[0.9538148690650394, 0.01850054796319109, -0.2998248243149712], [-0.0016425525417841872, 0.9984079788797158, 0.05638093410425606], [0.3003905750378815, -0.05328449525314707, 0.9523267637707281]], "translation": [-0.07239738090555428, -0.0811775705102649, 0.25583522541762727]}, "./checkerBoard/calibration_images\\calib_043.jpg": {"rotation_matrix": [[0.9981370662388174, -0.002190810753848086, 0.06097210303415442], [-0.002333536282032824, 0.9972530205328082, 0.07403355757094784], [-0.060966807433120156, -0.07403791857171052, 0.9953900918760351]], "translation": [-0.14678140571220116, -0.08517993128051611, 0.2986710957283873]}, "./checkerBoard/calibration_images\\calib_044.jpg": {"rotation_matrix": [[0.9035488523547497, -0.04800645052240385, 0.4257873320293297], [0.02069225568496666, 0.9974332238918703, 0.06854775292697922], [-0.42798516558764355, -0.053125743146898316, 0.9022230064967348]], "translation": [-0.12657617408528726, -0.08447021930859769, 0.3518975356544262]}, "./checkerBoard/calibration_images\\calib_045.jpg": {"rotation_matrix": [[0.8797081914781923, -0.04130970183070223, 0.4737161664761152], [0.013681023075493392, 0.998005703290358, 0.06162341931056541], [-0.4753170809615154, -0.047729704949605815, 0.8785189513104699]], "translation": [-0.11649220591753265, -0.08186165186050849, 0.3526561921803797]}, "./checkerBoard/calibration_images\\calib_046.jpg": {"rotation_matrix": [[0.9606132377229833, -0.019131944139445647, 0.2772294649289866], [-0.010788654534377563, 0.9943074333487149, 0.10600157036963545], [-0.2776793338451836, -0.10481744464036535, 0.954938474905247]], "translation": [-0.14338192340536032, -0.06656339813487706, 0.3382016337030694]}, "./checkerBoard/calibration_images\\calib_047.jpg": {"rotation_matrix": [[0.9988809318144238, 0.00310225721372487, 0.04719385614387036], [-0.021305850265312405, 0.9203783164880914, 0.3904482235623807], [-0.042224931048144114, -0.3910167906097212, 0.9194144466230956]], "translation": [-0.10429168072304107, -0.03923615774197885, 0.34220964545221183]}, "./checkerBoard/calibration_images\\calib_048.jpg": {"rotation_matrix": [[0.9999971027341279, 0.0020352842192122972, -0.0012853565642250498], [-0.0009768253880597694, 0.8311285842632903, 0.5560794207958608], [0.0022000762512724226, -0.5560765541170081, 0.831128164380105]], "translation": [-0.1194936385897939, -0.039060557441156246, 0.3374013479464392]}, "./checkerBoard/calibration_images\\calib_049.jpg": {"rotation_matrix": [[0.9998332913101073, 0.017471951750662622, -0.005302875636911907], [-0.01102436000434812, 0.8091711906645157, 0.5874695291545463], [0.014555173461438583, -0.5873131320689094, 0.8092289118814991]], "translation": [-0.11468894769270328, -0.02922748988306973, 0.3407543847651694]}, "./checkerBoard/calibration_images\\calib_050.jpg": {"rotation_matrix": [[0.9996660975686349, 0.023177346014146283, 0.011423834891890451], [-0.025740315410693576, 0.8544636994663193, 0.5188730311520242], [0.0022648475566022378, -0.5189938312986697, 0.8547749841563411]], "translation": [-0.11359582456055979, -0.05069975267624278, 0.3412434856988266]}, "./checkerBoard/calibration_images\\calib_051.jpg": {"rotation_matrix": [[0.9987632372669205, 0.022048184061845687, 0.04456314019092455], [-0.02747762478164264, 0.9917569012342314, 0.12515282254361773], [-0.04143640935771679, -0.12622252744201404, 0.9911361649872785]], "translation": [-0.11645420948003053, -0.07602504071219142, 0.311592333075132]}, "./checkerBoard/calibration_images\\calib_052.jpg": {"rotation_matrix": [[0.9995019598483965, -0.00638460961508047, 0.0309041909662314], [0.01404631748357721, 0.9669664871235827, -0.25451623473764645], [-0.02825833017651308, 0.254823565511397, 0.9665745792414023]], "translation": [-0.10593182055018359, -0.0675697137384682, 0.2548520088745062]}, "./checkerBoard/calibration_images\\calib_053.jpg": {"rotation_matrix": [[0.9997288587157662, -0.0022403341279412427, 0.023177358647323672], [0.010042285694607763, 0.9395195136035158, -0.3423481211519072], [-0.021008606543494592, 0.3424880500998659, 0.9392872691513988]], "translation": [-0.11146342663315567, -0.08652724454821376, 0.2837339182585781]}, "./checkerBoard/calibration_images\\calib_054.jpg": {"rotation_matrix": [[0.9997784009752284, 0.0012352443344532137, 0.02101483083085833], [0.005031843094980663, 0.9553163192374705, -0.29554257012085194], [-0.020440878124065216, 0.29558282150694315, 0.9550984065171042]], "translation": [-0.11326636335206632, -0.07647099376318987, 0.2865763442166301]}, "./checkerBoard/calibration_images\\calib_055.jpg": {"rotation_matrix": [[0.9996884020842131, -0.010966944111043129, 0.02242375693718796], [0.0139500112839003, 0.9903988919752552, -0.13753338489023553], [-0.020700143079019597, 0.13780334143645384, 0.990243274738817]], "translation": [-0.10926965672927758, -0.10310245538108885, 0.289132861704289]}, "./checkerBoard/calibration_images\\calib_056.jpg": {"rotation_matrix": [[0.9990618850322694, -0.0074382192194308895, 0.042661724890258594], [0.008940227698027228, 0.999342924384162, -0.03512537276697084], [-0.04237242268829867, 0.035473826663540535, 0.9984719252023911]], "translation": [-0.10938207124443505, -0.10255914224790655, 0.39238390673670515]}, "./checkerBoard/calibration_images\\calib_057.jpg": {"rotation_matrix": [[0.9994516533636115, 0.0058195802538813885, 0.03259639664766625], [-0.007436383256571442, 0.9987364493273537, 0.04970115681804152], [-0.032265969577942914, -0.049916302654130995, 0.9982320721838868]], "translation": [-0.11156308135541389, -0.07315695322564202, 0.5715872008673156]}, "./checkerBoard/calibration_images\\calib_058.jpg": {"rotation_matrix": [[0.9991047038476568, 0.01804359703777929, 0.03826511930497826], [-0.02059816797657035, 0.9975098684202246, 0.06745204133512282], [-0.03695275666976646, -0.06817984313713525, 0.9969884667157893]], "translation": [-0.11149163692068101, -0.061953411109399316, 0.5929787212888535]}, "./checkerBoard/calibration_images\\calib_059.jpg": {"rotation_matrix": [[0.9991711158662575, 0.02248646928659012, 0.03393287370089715], [-0.025302882751078476, 0.9960602816516385, 0.08499223164821458], [-0.03188801252920874, -0.08578038246057097, 0.9958036355837706]], "translation": [-0.11638093119506447, -0.055321928863950424, 0.5930187062024178]}, "./checkerBoard/calibration_images\\calib_060.jpg": {"rotation_matrix": [[0.9993088798814056, 0.01742223886164076, 0.032836385051014376], [-0.021275657006569026, 0.9924344235959137, 0.1209184075349381], [-0.03048128949223402, -0.12153345405646332, 0.9921192017776876]], "translation": [-0.11459778380192338, -0.03484744613200007, 0.4529974096196074]}, "./checkerBoard/calibration_images\\calib_061.jpg": {"rotation_matrix": [[0.9996641931450108, 0.010456434062927367, 0.023709996423919643], [-0.011682860408845702, 0.9985687354050222, 0.052191871438779076], [-0.023130320283170653, -0.0524513456290901, 0.9983555702380268]], "translation": [-0.11628183583354319, -0.04848778395429997, 0.26602253257804553]}, "./checkerBoard/calibration_images\\calib_062.jpg": {"rotation_matrix": [[0.9997775389147673, 0.003760417203391703, 0.020754082586024188], [-0.0038788105461256663, 0.9999764181217138, 0.005667277054707065], [-0.0207322818396418, -0.005746517460512985, 0.9997685482284376]], "translation": [-0.11334751329685627, -0.04850189289790207, 0.2406043645908772]}}}